0	17410836404	3714317347
0	5462.86351	5598814988
0	5460.379188	5598839636
0	202.9983659	5755253212
0	195.1869458	5773358880
0	136.439933	5826701515
0	136.4357414	5826708910
0	93.57328799	4839358984
0	58.99848807	6014069207
0	58.4517885	6084786539
0	51.81627468	6185799140
0	51.81597871	6185807654
0	34.71987332	6367693244
0	3.809094587	5139097948
0	1.21729142	4995297160
0	1.181607396	5017924181
0	0.904405623	3998650192
0	0.902289227	4053132506
0	0.658737743	3110584106
0	0.647671581	3053808339
0.01	6896243801	3714220179
0.01	4200.383395	5597794562
0.01	3459.8142	5596505870
0.01	198.2106017	5751384800
0.01	183.4420426	5765566540
0.01	142.9405325	5835319466
0.01	138.1279637	5831394033
0.01	93.64707087	4838943068
0.01	59.37447206	6013787427
0.01	58.00526065	6080662197
0.01	52.18065678	6190196846
0.01	51.40585162	6185977695
0.01	34.91741971	6368941460
0.01	3.812873359	5139283694
0.01	1.258695245	4587757508
0.01	1.210261327	4630133333
0.01	0.96648252	3549558204
0.01	0.965386262	3470026263
0.01	0.713421921	2471927041
0.01	0.686410329	2380533656
0.02	1054467088	3713928643
0.02	2452.870947	5594587216
0.02	1717.170423	5589720874
0.02	189.1639047	5741841759
0.02	171.6813458	5749619352
0.02	151.3591679	5853769693
0.02	140.6732631	5843233699
0.02	93.86811802	4837696777
0.02	60.46136799	6012949291
0.02	57.1246586	6069990446
0.02	52.95118764	6201691309
0.02	50.31325232	6186563810
0.02	3.82406838	5139827419
0.02	1.786136931	5745194620
0.02	1.467518595	4569823623
0.02	1.392068238	4625958583
0.02	1.118552814	3477170065
0.02	1.117646462	3566987392
0.02	0.837548323	2500584205
0.02	0.804624297	2400486875
0.03	244661564.2	3713442650
0.03	1422.288632	5588979866
0.03	998.2456518	5578892811
0.03	179.4613886	5729588928
0.03	165.808221	5732394778
0.03	156.6207878	5875281234
0.03	141.384414	5858757615
0.03	94.23553116	4835624460
0.03	62.15598985	6011607057
0.03	56.39380199	6055781174
0.03	53.7043702	6217370968
0.03	48.87601957	6187706488
0.03	3.842278728	5140692124
0.03	1.965578402	5749060577
0.03	1.619226044	4562859281
0.03	1.519397845	4629821686
0.03	1.22951772	3481512353
0.03	1.226568993	3577578123
0.03	0.92971248	2517911246
0.03	0.892936962	2413055477
0.04	81601489.95	3712762044
0.04	884.3169635	5580658887
0.04	676.9887541	5564628580
0.04	168.6622754	5716076572
0.04	163.3944368	5716178360
0.04	157.9251241	5897593673
0.04	139.0846881	5875728004
0.04	94.74783395	4832733263
0.04	64.37640931	6009947403
0.04	56.13059783	6040281823
0.04	47.46318319	6189608521
0.04	3.866905098	5141826265
0.04	2.115529218	5758289498
0.04	1.943084589	5679799041
0.04	1.745981818	4557192058
0.04	1.623709679	4633862995
0.04	1.321636562	3484988931
0.04	1.316734512	3585585805
0.04	1.007249339	2530810514
0.04	0.967564195	2422772761
0.05	34239155.68	3711886614
0.05	596.8351435	5569365709
0.05	512.001586	5547588960
0.05	162.794962	5701843198
0.05	156.6691338	5701761620
0.05	151.8878702	5919492548
0.05	132.4688052	5892612473
0.05	95.40300278	4829032988
0.05	67.2682824	6008443177
0.05	56.87111036	6025118294
0.05	3.897230519	5143174243
0.05	2.247477508	5768113335
0.05	2.047290961	5679932232
0.05	1.857826543	4551998440
0.05	1.714657904	4637613498
0.05	1.402722394	3488075466
0.05	1.395933281	3592224489
0.05	1.076252326	2541371155
0.05	1.034220855	2430996302
0.05	0.739536336	1480825699
0.06	16737263.53	3710816084
0.06	436.5580916	5555059605
0.06	417.1198837	5528385547
0.06	162.2186769	5689649079
0.06	144.2064462	5686730536
0.06	130.2527947	5939412321
0.06	120.1051417	5907828993
0.06	96.19850966	4824535901
0.06	71.58431332	6008099044
0.06	60.65403246	6012156773
0.06	3.932499546	5144684914
0.06	2.366983824	5777630771
0.06	2.141015674	5680713206
0.06	1.95948823	4547191862
0.06	1.7967459	4641108541
0.06	1.476509042	3490984694
0.06	1.467874314	3598049395
0.06	1.139678465	2550534518
0.06	1.095685959	2438345234
0.06	0.797639084	1497195974
0.07	9114737.981	3709550122
0.07	357.552436	5507527223
0.07	343.1643901	5537995127
0.07	159.718077	5679404425
0.07	132.1566348	5670976014
0.07	102.7375259	5919195983
0.07	97.13137652	4819256502
0.07	89.12481985	5952277352
0.07	78.97445108	6010772089
0.07	77.44655401	6006680029
0.07	3.971981028	5146316469
0.07	2.477225193	5786646820
0.07	2.227191335	5681809706
0.07	2.053659326	4542790888
0.07	1.872497706	4644427542
0.07	1.545114408	3493831416
0.07	1.534656119	3603364425
0.07	1.199219969	2558809699
0.07	1.153553164	2445158974
0.07	0.853413673	1511845904
0.08	5377818.874	3708088333
0.08	317.4800998	5485410677
0.08	285.9933348	5518640369
0.08	154.0383764	5670623508
0.08	121.1206314	5654492741
0.08	113.168139	6020439446
0.08	98.19824087	4813211262
0.08	90.46683956	6018770276
0.08	85.73962468	5924232606
0.08	65.65518123	5946495400
0.08	4.015008677	5148037935
0.08	2.580227764	5795146648
0.08	2.307657408	5683099517
0.08	2.142064102	4538819381
0.08	1.943490938	4647638337
0.08	1.609872992	3496684519
0.08	1.597598239	3608354548
0.08	1.255950726	2566504112
0.08	1.208836099	2451645045
0.08	0.907733761	1525342893
0.09	3375085.414	3706430267
0.09	288.9838179	5462334519
0.09	249.0143742	5497515669
0.09	145.1775032	5662717979
0.09	138.6861327	6042193212
0.09	111.3554068	5637299431
0.09	103.1008087	6032483272
0.09	99.39543243	4806418347
0.09	73.83827582	5922472463
0.09	59.67655168	5933445512
0.09	4.061001076	5149828419
0.09	2.677385451	5803168050
0.09	2.383654495	5684532794
0.09	2.225898695	4535289167
0.09	2.010786929	4650793013
0.09	1.671688656	3499588420
0.09	1.65759271	3613140800
0.09	1.310603076	2573817812
0.09	1.262227742	2457939972
0.09	0.961213919	1538059321
0.1	2224580.292	3704575414
0.1	267.7815382	5438520310
0.1	223.6921204	5475077039
0.1	153.782445	6065963476
0.1	134.0991018	5655129565
0.1	112.7255641	6050042286
0.1	102.8771304	5619435709
0.1	100.7190605	4798897327
0.1	66.31537654	5915763460
0.1	57.6973006	5919231599
0.1	4.109466376	5151675304
0.1	2.769710699	5810763239
0.1	2.456064956	5686088149
0.1	2.306041117	4532199804
0.1	2.075138871	4653931006
0.1	1.731207026	3502573312
0.1	1.715275522	3617806687
0.1	1.363703889	2580888260
0.1	1.314228043	2464138439
0.1	1.014310985	1550251777
0.11	1525850.531	3702523207
0.11	251.4078182	5414132194
0.11	205.3800834	5451677616
0.11	162.5715414	6090620182
0.11	122.0656413	5647381254
0.11	117.9355991	6069679057
0.11	102.1651119	4790668891
0.11	95.5775481	5600953529
0.11	61.17109532	5905874002
0.11	57.05273579	5905099221
0.11	4.159997485	5153572205
0.11	2.857968883	5817985864
0.11	2.52554248	5687756408
0.11	2.383162747	4529541819
0.11	2.137103511	4657082428
0.11	1.788908601	3505660556
0.11	1.771119095	3622412213
0.11	1.415648347	2587813874
0.11	1.365213173	2470308766
0.11	1.067379787	1562103680
0.12	1081718.851	3700273025
0.12	238.3673881	5389292542
0.12	191.469911	5427575335
0.12	118.9166131	6090323509
0.12	110.1563496	5639083379
0.12	103.7295595	4781754571
0.12	89.30272594	5581909684
0.12	57.26613247	5893864295
0.12	57.03020171	5891600078
0.12	4.212262399	5155517149
0.12	2.942756367	5824886392
0.12	2.592587306	5689533934
0.12	2.45779277	4527300014
0.12	2.197105842	4660270596
0.12	1.845162937	3508865747
0.12	1.825486028	3627001896
0.12	1.466742999	2594667419
0.12	1.415475958	2476501777
0.12	1.120706019	1573749904
0.12	0.996362824	1419647567
0.13	788486.5293	3697824191
0.13	227.7128757	5364093554
0.13	180.4428179	5402954635
0.13	116.0607391	6111305138
0.13	105.4084799	4772176478
0.13	99.09496096	5629928750
0.13	83.89509362	5562360783
0.13	57.34531237	5879048175
0.13	54.07506276	5880356184
0.13	4.265992854	5157511105
0.13	3.024548875	5831510591
0.13	2.657592527	5691419678
0.13	2.530358119	4525456063
0.13	2.255478849	4663513838
0.13	1.900262054	3512200554
0.13	1.878662225	3631609628
0.13	1.517232365	2601504087
0.13	1.465250883	2482756204
0.13	1.174526762	1585291824
0.13	1.047586963	1431121091
0.14	588555.1153	3695175975
0.14	218.8212695	5338605619
0.14	171.3797776	5377947248
0.14	109.6112684	6132115164
0.14	107.1981812	4761957067
0.14	89.26710942	5619691005
0.14	79.21189495	5542360375
0.14	57.82256834	5867626359
0.14	51.34901954	5865739701
0.14	4.320973107	5159556893
0.14	3.103733078	5837899251
0.14	2.720873958	5693413787
0.14	2.60120969	4523990330
0.14	2.3124891	4666826757
0.14	1.954442021	3515673878
0.14	1.930878261	3636261762
0.14	1.567316152	2608366612
0.14	1.514730278	2489102126
0.14	1.229043859	1596806942
0.14	1.099829312	1442698995
0.15	448425.0206	3692327596
0.15	211.2693788	5312883262
0.15	163.7034363	5352648130
0.15	109.0953371	4751118923
0.15	99.76713869	6152255959
0.15	80.80384331	5608226491
0.15	75.13106613	5521957548
0.15	58.30755626	5857417847
0.15	48.95796802	5850275712
0.15	4.377029792	5161658396
0.15	3.180628126	5844088402
0.15	2.782690153	5695516936
0.15	2.670640368	4522883068
0.15	2.368353873	4670221131
0.15	2.00789744	3519292610
0.15	1.98232373	3640979151
0.15	1.617160822	2615288638
0.15	1.564075208	2495563257
0.15	1.284432982	1608355280
0.15	1.153249754	1454419119
0.16	347831.1162	3689278222
0.16	204.7612246	5286969383
0.16	157.0381553	5327126691
0.16	111.097127	4739684578
0.16	86.98314717	6171083534
0.16	73.66934795	5595473944
0.16	71.55127268	5501196436
0.16	58.64778781	5848417539
0.16	46.82559056	5834147519
0.16	4.434023178	5163820016
0.16	3.255500857	5850109731
0.16	2.843256258	5697729990
0.16	2.738897889	4522115153
0.16	2.423252988	4673706542
0.16	2.060791491	3523062144
0.16	2.033157171	3645778539
0.16	1.666907622	2622297018
0.16	1.61342303	2502158514
0.16	1.340849955	1619983765
0.16	1.207993036	1466310708
0.17	274090.2962	3686026971
0.17	199.083915	5260898291
0.17	151.1315939	5301434491
0.17	113.2013761	4727676355
0.17	72.41144317	6187500141
0.17	68.38965377	5480116246
0.17	67.73307609	5581446643
0.17	58.70224277	5840543179
0.17	44.90214381	5817488731
0.17	4.491839904	5166046306
0.17	3.328576824	5855991038
0.17	2.902753874	5700053839
0.17	2.806194278	4521668493
0.17	2.477337212	4677290842
0.17	2.113263077	3526986736
0.17	2.083513145	3650673534
0.17	1.716678301	2629413418
0.17	1.662892787	2508903119
0.17	1.398435304	1631729323
0.17	1.264192253	1478396317
0.18	219025.5219	3682572917
0.18	194.0797753	5234697873
0.18	145.8092809	5275610460
0.18	115.4066922	4715116244
0.18	65.57896392	5458751548
0.18	62.82301557	5566216144
0.18	58.36153098	5833652227
0.18	58.3535256	6199453776
0.18	43.15247626	5800399501
0.18	4.550387042	5168341719
0.18	3.400048512	5861756685
0.18	2.961338224	5702489315
0.18	2.872712949	4521526244
0.18	2.530734366	4680980492
0.18	2.165432038	3531069759
0.18	2.133507381	3655675311
0.18	1.766579291	2636655471
0.18	1.712589142	2515809405
0.18	1.457317581	1643621114
0.18	1.321971439	1490693228
0.19	177225.2046	3678915086
0.19	189.6281156	5208391170
0.19	140.9474329	5249684467
0.19	117.7125914	4702025801
0.19	63.06483436	5437132701
0.19	58.76123423	5549891473
0.19	57.56501731	5827562383
0.19	47.53514265	6204686897
0.19	41.55030071	5782956624
0.19	4.60958732	5170710450
0.19	3.470081575	5867428004
0.19	3.019143494	5705037157
0.19	2.938614136	4521672874
0.19	2.583553865	4684780804
0.19	2.217403035	3535313883
0.19	2.183240619	3660793121
0.19	1.816704812	2644037627
0.19	1.762605315	2522887398
0.19	1.517615868	1655682176
0.19	1.381447523	1503214518
0.2	145023.8219	3675052463
0.2	185.6329638	5181997491
0.2	136.4561893	5223679780
0.2	120.119602	4688426073
0.2	60.80340678	5415286342
0.2	56.30662265	5822071050
0.2	55.38434904	5532599210
0.2	40.50471671	6203412231
0.2	40.07518284	5765220156
0.2	4.669375268	5173156342
0.2	3.538819683	5873023656
0.2	3.076286865	5707697996
0.2	3.004039121	4522094158
0.2	2.635890155	4688696138
0.2	2.269268483	3539721221
0.2	2.232801516	3666034682
0.2	1.867139226	2651571780
0.2	1.813025306	2530145263
0.2	1.579441679	1667930669
0.2	1.442731838	1515969884
0.21	119886.4921	3670983989
0.21	182.0146953	5155533201
0.21	132.2689762	5197614785
0.21	122.6293382	4674337548
0.21	58.75938094	5393235904
0.21	54.62831976	5816970318
0.21	52.55264863	5514468187
0.21	38.71079183	5747237933
0.21	30.11155246	6196196709
0.21	4.729694079	5175682824
0.21	3.606388384	5878559941
0.21	3.132871617	5710472359
0.21	3.069113562	4522777118
0.21	2.68782537	4692730035
0.21	2.321110822	3544293427
0.21	2.282268883	3671406464
0.21	1.917958858	2659267749
0.21	1.863925615	2537589646
0.21	1.642900444	1680380820
0.21	1.505931301	1528966285
0.22	100027.2161	3666708570
0.22	178.7043872	5129012260
0.22	128.3355828	5171504204
0.22	125.244528	4659780116
0.22	56.90443067	5371002163
0.22	52.6057775	5812056668
0.22	50.15190753	5495619827
0.22	37.44378802	5729048736
0.22	29.8413554	6182609801
0.22	4.790492962	5178292863
0.22	3.672898269	5884051074
0.22	3.188989548	5713360671
0.22	3.133950149	4523709942
0.22	2.739431422	4696885331
0.22	2.373004278	3549031778
0.22	2.331713442	3676913920
0.22	1.96923341	2667133654
0.22	1.91537658	2545225933
0.22	1.708092663	1693043657
0.22	1.571149359	1542208449
0.23	84166.23389	3662225072
0.23	175.6402208	5102446576
0.23	127.9689813	4644773051
0.23	124.6175467	5145359967
0.23	55.21591344	5348603806
0.23	50.33203345	5807136449
0.23	48.09130797	5476163238
0.23	36.26306375	5710684545
0.23	29.7263069	6169467838
0.23	4.851724873	5180988916
0.23	3.738447647	5889509439
0.23	3.244722873	5716363267
0.23	3.198650733	4524881887
0.23	2.790771685	4701164243
0.23	2.425016269	3553937237
0.23	2.381199213	3682561656
0.23	2.021027085	2675176200
0.23	1.967443445	2553058459
0.23	1.77511484	1705927590
0.23	1.638486751	1555699286
0.24	71372.37524	3657532330
0.24	172.765501	5075846234
0.24	130.8074827	4629335000
0.24	121.0850096	5119191853
0.24	53.67579523	5326058026
0.24	47.90347957	5802028846
0.24	46.2998085	5456193586
0.24	35.15919999	5692172158
0.24	29.72003285	6156853014
0.24	4.9133446	5183772845
0.24	3.803124862	5894945821
0.24	3.300145745	5719480400
0.24	3.263308059	4526283190
0.24	2.841902371	4705568444
0.24	2.47720852	3559010501
0.24	2.430784631	3688353577
0.24	2.073399482	2683400907
0.24	2.020187209	2561090673
0.24	1.844060228	1719038866
0.24	1.708042133	1569440211
0.25	60958.57175	3652629145
0.25	170.0279549	5049219650
0.25	133.7655912	4613483980
0.25	117.7145318	5093007956
0.25	52.26971913	5303381137
0.25	45.40997574	5796567887
0.25	44.72228967	5435792368
0.25	34.12406715	5673534344
0.25	29.79575272	6144857563
0.25	4.97530738	5186645789
0.25	3.867010332	5900369646
0.25	3.355325463	5722712252
0.25	3.328007184	4527904965
0.25	2.892873699	4710099121
0.25	2.529637974	3564252041
0.25	2.480523456	3694292996
0.25	2.126406329	2691812299
0.25	2.073665321	2569325273
0.25	1.915019438	1732381946
0.25	1.779912599	1583431419
0.26	52411.33314	3647514290
0.26	167.3799728	5022573698
0.26	136.8493339	4597237373
0.26	114.4875446	5066815045
0.26	50.98615855	5280589181
0.26	43.31609475	5415028624
0.26	42.92903415	5790604602
0.26	33.15052992	5654790638
0.26	29.93497635	6133566360
0.26	5.037568443	5189607993
0.26	3.930178337	5905789215
0.26	3.410323452	5726058939
0.26	3.392826633	4529739122
0.26	2.943730892	4714757037
0.26	2.582357528	3569662133
0.26	2.530465519	3700382723
0.26	2.180100072	2700414045
0.26	2.127932244	2577764311
0.26	1.988080945	1745959798
0.26	1.854194114	1597672102
0.27	45342.34948	3642186512
0.27	164.779426	4995913836
0.27	140.0647776	4580611925
0.27	111.3892329	5040618824
0.27	49.81561281	5257698482
0.27	42.04817016	5393960501
0.27	40.52313948	5784009846
0.27	32.23223135	5635957878
0.27	26.01974497	6121157921
0.27	5.100084035	5192658625
0.27	3.992698521	5911211949
0.27	3.465196054	5729520513
0.27	3.457839369	4531778283
0.27	2.994515047	4719542588
0.27	2.635416648	3575240885
0.27	2.580657346	3706625146
0.27	2.234530366	2709209087
0.27	2.183039925	2586409284
0.27	2.063331503	1759774151
0.27	1.930981887	1612160632
0.28	39454.76604	3636644535
0.28	162.1906781	4969244259
0.28	143.4174715	4563623740
0.28	108.4077157	5014424150
0.28	48.7498248	5234726081
0.28	40.89280658	5372636844
0.28	38.23915115	5776677720
0.28	31.36343931	5617050528
0.28	25.24951552	6105581911
0.28	5.162814481	5195795642
0.28	4.054637079	5916644638
0.28	3.523113584	4534015707
0.28	3.519995173	5733096963
0.28	3.045263919	4724455857
0.28	2.688861874	3580988259
0.28	2.631142681	3713022288
0.28	2.289744488	2718199738
0.28	2.239038183	2595261209
0.28	2.140856498	1773825693
0.28	2.010370688	1626894714
0.29	34519.34873	3630887061
0.29	159.585449	4942568081
0.29	146.9117582	4546288265
0.29	105.5334314	4988235188
0.29	47.7810287	5211689959
0.29	39.82989969	5351098664
0.29	36.1089856	5768528995
0.29	30.53894322	5598080843
0.29	24.56550784	6089671905
0.29	5.225729605	5199015798
0.29	4.116057525	5922093676
0.29	3.588713366	4536445224
0.29	3.574768815	5736788204
0.29	3.096012607	4729496678
0.29	2.742737247	3586904086
0.29	2.681962938	3719575861
0.29	2.345787671	2727387764
0.29	2.295975038	2604320686
0.29	2.220740248	1788114240
0.29	2.092455125	1641871508
0.3	30357.41826	3624912779
0.3	156.9432733	4915887541
0.3	150.5499554	4528620276
0.3	102.758669	4962055549
0.3	46.90126611	5188608972
0.3	38.84363005	5329380423
0.3	34.15109403	5759513544
0.3	29.75399088	5579058919
0.3	23.94709663	6073506222
0.3	5.288816258	5202314898
0.3	4.17702101	5927565274
0.3	3.654699249	4539061174
0.3	3.629561544	5740594072
0.3	3.146794168	4734664697
0.3	2.797084662	3592988083
0.3	2.733157583	3726287314
0.3	2.402703399	2736774455
0.3	2.353896992	2613587946
0.3	2.30306625	1802638883
0.3	2.177329887	1657087741
0.31	26828.48169	3618720362
0.31	154.3314266	4510633848
0.31	154.2514261	4889204212
0.31	100.0771998	4935888397
0.31	46.10183587	5165502452
0.31	37.92146756	5307511121
0.31	32.37246701	5749610858
0.31	29.00425756	5559992648
0.31	23.37979597	6057143008
0.31	5.352086905	5205688356
0.31	4.237586096	5933065623
0.31	3.721128675	4541858352
0.31	3.684414887	5744514305
0.31	3.197640153	4739959436
0.31	2.851944177	3599239865
0.31	2.784764481	3733157869
0.31	2.460533655	2746360684
0.31	2.412849265	2623062902
0.31	2.387917406	1817398102
0.31	2.265089958	1672539789
0.32	23821.16658	3612308473
0.32	158.2515652	4492342331
0.32	151.5043184	4862519212
0.32	97.48398018	4909736542
0.32	45.3729536	5142389477
0.32	37.05342221	5285515217
0.32	30.77097311	5738828117
0.32	28.2858405	5540887625
0.32	22.85322582	6040627720
0.32	5.415587469	5209132082
0.32	4.297808024	5938601070
0.32	3.788056371	4544831959
0.32	3.739367745	5748548529
0.32	3.248581046	4745380353
0.32	2.907354265	3605658958
0.32	2.836820189	3740188559
0.32	2.519319126	2756146959
0.32	2.475376204	1832389866
0.32	2.472876001	2632745183
0.32	2.355830813	1688223756
0.33	21246.50531	3605675770
0.33	162.3007333	4473758316
0.33	148.7024639	4835833384
0.33	94.97490205	4883602517
0.33	44.70368315	5119287926
0.33	36.23147933	5263413380
0.33	29.3378206	5727195992
0.33	27.59527393	5521747001
0.33	22.35988565	6023993429
0.33	5.479402157	5212643600
0.33	4.357737444	5944178063
0.33	3.855534669	4547977553
0.33	3.794456767	5752696237
0.33	3.299646631	4750926905
0.33	2.963352039	3612244802
0.33	2.889360231	3747380260
0.33	2.579099393	2766133461
0.33	2.56552489	1847611722
0.33	2.534020447	2642634167
0.33	2.44964859	1704135534
0.34	19032.91083	3598820912
0.34	166.4632113	4454893606
0.34	145.8511811	4809147453
0.34	92.5465763	4857488655
0.34	44.08216017	5096213490
0.34	35.44917233	5241223116
0.34	28.05990804	5714762983
0.34	26.92956106	5502571320
0.34	21.894322	6007266260
0.34	5.543653218	5216223243
0.34	4.417418762	5949803170
0.34	3.923613772	4551291013
0.34	3.849716796	5756956786
0.34	3.35086625	4756598594
0.34	3.019973434	3618996764
0.34	2.942419342	3754733717
0.34	2.658445608	1863060865
0.34	2.639913089	2776320086
0.34	2.596325108	2652729013
0.34	2.546640251	1720270856
0.35	17122.38253	3591742557
0.35	170.7162275	4435759193
0.35	142.9591979	4782462142
0.35	90.19613707	4831397145
0.35	43.49607032	5073178824
0.35	34.7012579	5218959281
0.35	26.92185506	5701589345
0.35	26.28622187	5483358354
0.35	21.45256941	5990466708
0.35	5.60849428	5219875225
0.35	4.476888158	5955482906
0.35	3.992341974	4554768497
0.35	3.905181353	5761329385
0.35	3.402268986	4762395012
0.35	3.077253374	3625914143
0.35	2.996031695	3762249580
0.35	2.754220529	1878734200
0.35	2.701798041	2786706475
0.35	2.659831887	2663028685
0.35	2.646903737	1736625343
0.36	15467.61579	3584439375
0.36	175.0291551	4416365237
0.36	140.037304	4755778260
0.36	87.92106142	4805330090
0.36	42.93328932	5050193019
0.36	33.9834676	5196634505
0.36	25.90758553	5687741537
0.36	25.66335687	5464102950
0.36	21.0317679	5973611263
0.36	5.674096961	5223608404
0.36	4.536171767	5961223503
0.36	4.061765865	4558406406
0.36	3.960883185	5765813106
0.36	3.45388376	4768315873
0.36	3.135225907	3632996172
0.36	3.050231105	3769928426
0.36	2.852931964	1894628394
0.36	2.764791392	2797292040
0.36	2.750538099	1753194537
0.36	2.724582206	2673531970
0.37	14029.78138	3576910049
0.37	179.3629768	4396721061
0.37	137.0971507	4729096760
0.37	85.71900228	4779289549
0.37	42.38256227	5027261469
0.37	33.29231692	5174259543
0.37	25.05972899	5444796941
0.37	25.00143448	5673287741
0.37	20.62987892	5956713751
0.37	5.740631209	5227436617
0.37	4.59528402	5967030583
0.37	4.131930513	4562201355
0.37	4.016854871	5770406910
0.37	3.505739361	4774361031
0.37	3.193924321	3640242026
0.37	3.105051224	3777770792
0.37	2.954662467	1910739924
0.37	2.857643637	1769973935
0.37	2.828929718	2808075991
0.37	2.790617118	2684237504
0.38	12776.80606	3569153282
0.38	183.6701287	4376835155
0.38	134.1502517	4702418765
0.38	83.58763719	4753277567
0.38	41.83410228	5004386118
0.38	32.62495779	5151843561
0.38	29.68369922	6057184643
0.38	24.47486609	5425429187
0.38	24.188829	5658294642
0.38	20.24546999	5939786455
0.38	5.808240032	5231378523
0.38	4.202879647	4566150145
0.38	4.073129478	5775109695
0.38	3.557864424	4780530494
0.38	3.253381255	3647650823
0.38	3.160525706	3785777203
0.38	3.059494928	1927065114
0.38	2.968322029	1786959018
0.38	2.894249127	2819057356
0.38	2.857977406	2695143786
0.39	11682.03097	3561167804
0.39	187.8948407	4356715186
0.39	131.2072059	4675745578
0.39	81.52453882	4727296193
0.39	41.28002133	4981566001
0.39	31.97906417	5129394380
0.39	29.10177791	6053969725
0.39	23.9091853	5405985871
0.39	23.45663546	5642825333
0.39	19.87753883	5922841054
0.39	5.877008994	5235456914
0.39	4.274655842	4570249747
0.39	4.12974122	5779920355
0.39	3.610287362	4786824423
0.39	3.313628781	3655221624
0.39	3.216688358	3793948207
0.39	3.167512656	1943600167
0.39	3.082676451	1804145266
0.39	2.960785358	2830235000
0.39	2.926703679	2706249191
0.4	10723.15748	3552952378
0.4	191.9740911	4336368024
0.4	128.2771386	4649078670
0.4	79.52707544	4701347479
0.4	40.71455237	4958797941
0.4	31.3527432	5106918682
0.4	28.44196038	6050818901
0.4	23.36413442	5386451253
0.4	22.7932733	5626938137
0.4	19.52536292	5905889386
0.4	5.946930387	5239697413
0.4	4.347300704	4574497283
0.4	4.18672608	5784837871
0.4	3.663036255	4793243136
0.4	3.374698487	3662953438
0.4	3.278799455	1960341194
0.4	3.273573252	3802284406
0.4	3.200811701	1821528185
0.4	3.028573863	2841607641
0.4	2.996836453	2717551989
0.41	9881.413088	3544505807
0.41	195.8392786	4315799768
0.41	125.3673564	4622419647
0.41	77.5923496	4675433458
0.41	40.13406729	4936077298
0.41	30.74446586	5084422188
0.41	27.71835991	6047647570
0.41	22.84233219	5366809182
0.41	22.1886826	5610686074
0.41	19.18836822	5888943990
0.41	6.01786245	5244126366
0.41	4.420855016	4578890032
0.41	4.244122333	5789861414
0.41	3.716138682	4799787099
0.41	3.436621549	3670845222
0.41	3.393439697	1977284242
0.41	3.331214796	3810786498
0.41	3.322834321	1839103315
0.41	3.097649894	2853173866
0.41	3.068416232	2729050354
0.42	9140.887365	3535826944
0.42	199.4186917	4295015787
0.42	122.4832081	4595770201
0.42	75.71718084	4649556111
0.42	39.53692752	4913398660
0.42	30.1530127	5061909814
0.42	22.34766229	5347045770
0.42	21.63421157	5594116744
0.42	18.86601639	5872018427
0.42	8.746204754	1376648554
0.42	6.089486375	5248767633
0.42	4.495358795	4583425434
0.42	4.301970899	5794990448
0.42	3.769621476	4806456915
0.42	3.511518391	1994425312
0.42	3.499428803	3678895876
0.42	3.448852719	1856866251
0.42	3.38964773	3819455311
0.42	3.168048584	2864932142
0.42	3.141483592	2740742376
0.43	8488.000178	3526914695
0.43	202.6408112	4274020746
0.43	119.6281492	4569132045
0.43	73.89813354	4623717318
0.43	38.92322035	4890756436
0.43	29.57743055	5039385825
0.43	21.88523307	5327153603
0.43	21.12246873	5577272485
0.43	18.55771287	5855127339
0.43	9.262524316	1401277673
0.43	6.161269868	5253637943
0.43	4.570851162	4588101101
0.43	4.360315463	5800224846
0.43	3.823510391	4813253304
0.43	3.633121241	2011760374
0.43	3.578977292	1874812644
0.43	3.563150806	3687104251
0.43	3.448907023	3828291854
0.43	3.239805025	2876880830
0.43	3.216079245	2752626071
0.44	7911.073774	3517768028
0.44	205.438429	4252818650
0.44	116.8039996	4542506838
0.44	72.13158469	4597918808
0.44	38.2944351	4868145323
0.44	29.01699671	5016853982
0.44	21.46106334	5307137517
0.44	20.64716751	5560190669
0.44	18.26273928	5838286273
0.44	9.802969932	1425981355
0.44	6.232455932	5258740808
0.44	4.64736992	4592914825
0.44	4.419202331	5805564984
0.44	3.877829654	4820177064
0.44	3.758334711	2029285390
0.44	3.713320547	1892938220
0.44	3.627817913	3695469145
0.44	3.509027631	3837297357
0.44	3.312954351	2889018193
0.44	3.29224412	2764699390
0.45	7399.987085	3508385981
0.45	207.7534851	4231412878
0.45	114.0113662	4515896110
0.45	70.41382075	4572162105
0.45	37.65312459	4845560668
0.45	28.47118696	4994317696
0.45	21.08133227	5287021054
0.45	20.20297832	5542904076
0.45	17.98021307	5821511300
0.45	10.3684509	1450757408
0.45	6.302105959	5264059877
0.45	4.724950739	4597864562
0.45	4.478679959	5811011821
0.45	3.932601435	4827229010
0.45	3.887246082	2046996320
0.45	3.851997238	1911238779
0.45	3.693460344	3703989301
0.45	3.570044038	3846473309
0.45	3.387531814	2901342406
0.45	3.370019437	2776960230
0.46	6945.895871	3498767663
0.46	209.5424483	4209806222
0.46	111.2501718	4489301204
0.46	68.7411486	4546448479
0.46	37.00258285	4822998741
0.46	27.93964383	4971780194
0.46	20.75111848	5266851229
0.46	19.78539494	5525441315
0.46	17.70907454	5804818508
0.46	10.95991106	1475603623
0.46	6.369225392	5269554091
0.46	4.803625941	4602948365
0.46	4.538798186	5816566942
0.46	4.019943509	2064889136
0.46	3.995124492	1929710205
0.46	3.987845294	4834409885
0.46	3.760108266	3712663415
0.46	3.631989515	3855821498
0.46	3.46357288	2913851564
0.46	3.449446776	2789406436
0.47	6541.006182	3488912262
0.47	210.7819647	4188000949
0.47	108.520203	4462723245
0.47	67.1100048	4520778920
0.47	36.34655412	4800456961
0.47	27.42214141	4949244696
0.47	20.47282245	5246697995
0.47	19.39061695	5507827248
0.47	17.44809784	5788223456
0.47	11.578331	1500517791
0.47	6.432971313	5275158217
0.47	4.883423013	4608164260
0.47	4.59960715	5822232582
0.47	4.156516078	2082959834
0.47	4.14282195	1948348471
0.47	4.04357771	4841720231
0.47	3.827791878	3721490129
0.47	3.694895002	3865344022
0.47	3.541113314	2926543691
0.47	3.530568164	2802035815
0.48	6178.39165	3478819046
0.48	211.4744093	4165998883
0.48	105.8215794	4436163134
0.48	65.5170496	4495154107
0.48	35.68897409	4777934099
0.48	26.91854352	4926714594
0.48	20.24483332	5226645834
0.48	19.0154477	5490083414
0.48	17.19591984	5771740670
0.48	12.22473026	1525497707
0.48	6.492883818	5280791313
0.48	4.964363207	4613510042
0.48	4.661155973	5828011601
0.48	4.297053864	2101204435
0.48	4.295211913	1967149641
0.48	4.099811873	4849160251
0.48	3.896541494	3730468045
0.48	3.75878749	3875043272
0.48	3.620189285	2939416742
0.48	3.613426153	2814846138
0.49	5851.84741	3468487362
0.49	211.6528804	4143801535
0.49	103.1550618	4409621596
0.49	63.95923725	4469574404
0.49	35.03373275	4755430486
0.49	26.42875295	4904193632
0.49	20.06113497	5206778872
0.49	18.65720563	5472228439
0.49	16.95107885	5755383250
0.49	12.90016995	1550541176
0.49	6.549038397	5286371707
0.49	5.04646085	4618982990
0.49	4.723491108	5833907435
0.49	4.452419492	1986109873
0.49	4.441647986	2119619000
0.49	4.156557921	4856729648
0.49	3.966387645	3739595719
0.49	3.823687825	3884921863
0.49	3.700837481	2952468614
0.49	3.698063915	2827835147
0.5	5555.775212	3457916642
0.5	211.3850938	4121410324
0.5	100.5221601	4383099228
0.5	62.43385984	4444039851
0.5	34.3844421	4732948209
0.5	25.95265226	4881686036
0.5	19.91215527	5187165427
0.5	18.31364725	5454278422
0.5	16.71205526	5739162615
0.5	13.60575533	1575646024
0.5	6.602042351	5291832564
0.5	5.129724231	4624579551
0.5	4.786654435	5839924016
0.5	4.614572766	2005225423
0.5	4.590390669	2138199628
0.5	4.213823817	4864427503
0.5	4.037361162	3748871671
0.5	3.889607891	3894982483
0.5	3.784525341	2841000564
0.5	3.783095239	2965697146
0.51	5285.095653	3447106397
0.51	210.7755441	4098826896
0.51	97.92505373	4356596582
0.51	60.93856781	4418550160
0.51	33.74419339	4710491270
0.51	25.49003973	4859196596
0.51	19.78647977	5167848397
0.51	17.98289969	5436247293
0.51	16.47730757	5723088387
0.51	14.34263874	1600810096
0.51	6.652888547	5297131615
0.51	5.214159074	4630295042
0.51	4.850681022	5846065650
0.51	4.781802955	2024492644
0.51	4.743375305	2156942466
0.51	4.271616971	4872252207
0.51	4.109493276	3758294393
0.51	3.956547267	3905227624
0.51	3.872855158	2854340093
0.51	3.867000693	2979100126
0.52	5035.184482	3436056214
0.52	209.9652175	4076053599
0.52	95.36638089	4330114222
0.52	59.47137488	4393104707
0.52	33.11530012	4688065614
0.52	25.04056832	4836730634
0.52	19.6726725	5148843867
0.52	17.66340169	5418147122
0.52	16.24529935	5707168394
0.52	15.11202274	1626031264
0.52	6.70275342	5302252683
0.52	5.299775489	4636123499
0.52	4.954244594	2043907989
0.52	4.915596482	5852336874
0.52	4.900696521	2175843707
0.52	4.329946559	4880201490
0.52	4.182815695	3767862348
0.52	4.0244897	3915659182
0.52	3.963099057	2867851428
0.52	3.952592956	2992675296
0.53	4801.830641	3424765757
0.53	209.1280585	4053094111
0.53	92.84897021	4303652785
0.53	58.03065822	4367702512
0.53	33.38280694	1507423771
0.53	32.49904763	4665678917
0.53	24.60369865	4814293857
0.53	19.56061654	5130145805
0.53	17.35385203	5399988397
0.53	16.01451447	5691408750
0.53	15.91516348	1651307429
0.53	6.752826545	5307201101
0.53	5.386598664	4642057787
0.53	5.132035721	2063468012
0.53	5.062450245	2194899599
0.53	4.388826283	4888272585
0.53	4.257360686	3777573982
0.53	4.093400129	3926277893
0.53	4.055303852	2881532260
0.53	4.03991233	3006420349
0.54	4581.21425	3413234761
0.54	208.4633493	4029954183
0.54	90.37558157	4277213008
0.54	56.61516664	4342342204
0.54	35.73273325	1532667066
0.54	31.89550244	4643340016
0.54	24.17867773	4791892100
0.54	19.44219983	5111733136
0.54	17.05316458	5381780251
0.54	16.75337434	1676636519
0.54	15.78346231	5675813931
0.54	6.804211591	5311996772
0.54	5.474682348	4648090113
0.54	5.315318085	2083169365
0.54	5.228733785	2214106443
0.54	4.448277114	4896462501
0.54	4.333161141	3787427729
0.54	4.163223453	3937082668
0.54	4.149517657	2895380284
0.54	4.129000561	3020332941
0.55	4369.90294	3401463026
0.55	208.1832399	4006642396
0.55	87.94870093	4250795741
0.55	55.22405014	4317021976
0.55	38.24490013	1557889303
0.55	31.30346154	4621057942
0.55	23.76455127	4769530984
0.55	19.31146769	5093576362
0.55	17.62802992	1702016498
0.55	16.7604298	5363530637
0.55	15.55066936	5660386930
0.55	6.857895098	5316667670
0.55	5.564122457	4654212985
0.55	5.504237352	2103008803
0.55	5.399645913	2233460593
0.55	4.508329473	4904768403
0.55	4.410250628	3797422011
0.55	4.245790109	2909393205
0.55	4.233886589	3948069917
0.55	4.219901151	3034410683
0.56	4164.865021	3389450409
0.56	208.4950154	3983170720
0.56	85.57040764	4224401947
0.56	53.85692436	4291739525
0.56	40.93189335	1583088797
0.56	30.72061785	4598840669
0.56	23.36021038	4747215557
0.56	19.1644522	5075642533
0.56	18.54057033	1727445356
0.56	16.47488207	5345246464
0.56	15.31466082	5645129268
0.56	6.914761774	5321245022
0.56	5.698943338	2122983180
0.56	5.655066792	4660420504
0.56	5.575286953	2252958461
0.56	4.569024339	4913188011
0.56	4.48866344	3807555246
0.56	4.344172622	2923568752
0.56	4.312659748	3048651153
0.56	4.305305278	3959233081
0.57	3963.497742	3377196822
0.57	209.5784567	3959554580
0.57	83.24231184	4198032691
0.57	52.51398167	4266491997
0.57	43.80747446	1608263767
0.57	30.14396597	4576693850
0.57	22.96446417	4724950006
0.57	19.49250585	1752921121
0.57	18.99885443	5057898412
0.57	16.19587261	5326933678
0.57	15.07393323	5630040950
0.57	6.9756363	5325760311
0.57	5.899590252	2143089446
0.57	5.75575889	2272596514
0.57	5.747716876	4666709712
0.57	4.630413064	4921719958
0.57	4.568434626	3817825850
0.57	4.444718706	2937904687
0.57	4.407324623	3063051893
0.57	4.377396012	3970562634
0.58	3763.668518	3364702212
0.58	211.5599073	3935812201
0.58	80.96554736	4171689124
0.58	51.19615576	4241275967
0.58	46.88670841	1633412340
0.58	29.5703819	4554619941
0.58	22.57612327	4702737473
0.58	20.48542204	1778441848
0.58	18.81369066	5040312203
0.58	15.9228479	5308597302
0.58	14.82691609	5615120301
0.58	7.041339545	5330243786
0.58	6.106336957	2163324655
0.58	5.941165481	2292371275
0.58	5.842320155	4673081622
0.58	4.692555967	4930364057
0.58	4.649600024	3828232234
0.58	4.547484338	2952398823
0.58	4.503947279	3077610412
0.58	4.450091352	3982046786
0.59	3563.766343	3351966547
0.59	214.4861749	3911963152
0.59	78.74080132	4145372469
0.59	50.18610667	1658532558
0.59	49.90533394	4216087491
0.59	28.99722681	4532617978
0.59	22.19407715	4680580022
0.59	21.52098527	1804005626
0.59	18.6089612	5022854225
0.59	15.6553333	5290241429
0.59	14.57192133	5600363591
0.59	7.112755181	5334724089
0.59	6.319347252	2183685954
0.59	6.131612391	2312279320
0.59	5.939154367	4679541655
0.59	4.755520043	4939121438
0.59	4.732196291	3838772805
0.59	4.6525284	2967049049
0.59	4.602583219	3092324192
0.59	4.523354268	3993672886
0.6	3362.75985	3338989794
0.6	218.3026553	3888026332
0.6	76.56836215	4119084010
0.6	53.72378781	1683622383
0.6	48.64458626	4190922324
0.6	28.42280473	4510684093
0.6	22.60094878	1829610573
0.6	21.81735179	4658478734
0.6	18.38536799	5005496901
0.6	15.39292218	5271869161
0.6	14.30707609	5585764409
0.6	7.190909278	5339228741
0.6	6.538790171	2204170586
0.6	6.327207346	2332317280
0.6	6.038508891	4686099438
0.6	4.819376219	4947994596
0.6	4.816260954	3849445964
0.6	4.759913174	2981853355
0.6	4.703292933	3107190694
0.6	4.597185733	4005429240
0.61	3160.257525	3325771874
0.61	222.840452	3864017923
0.61	74.4481711	4092825082
0.61	57.51965795	1708679696
0.61	47.41833544	4165776381
0.61	27.84656201	4488812542
0.61	23.72715932	1855254834
0.61	21.44514057	4636433890
0.61	18.14409055	4988214254
0.61	15.13527098	5253482510
0.61	14.03023054	5571312619
0.61	7.277071898	5343785351
0.61	6.764840315	2224775893
0.61	6.52806031	2352481837
0.61	6.140668428	4692768199
0.61	4.901832489	3860250101
0.61	4.884196441	4956987366
0.61	4.869704863	2996809881
0.61	4.806143171	3122207366
0.61	4.6716211	4017306687
0.62	2956.564591	3312312619
0.62	227.8164497	3839949890
0.62	72.37986671	4066597065
0.62	61.59561375	1733702305
0.62	46.23232991	4140646562
0.62	27.26901917	4466996906
0.62	24.90156438	1880936584
0.62	21.07680891	4614445197
0.62	17.88662303	4970981054
0.62	14.88210124	5235082249
0.62	13.73882434	5556992701
0.62	7.372898383	5348423618
0.62	6.9976782	2245499303
0.62	6.734283699	2372769721
0.62	6.245902069	4699564166
0.62	4.988950475	3871183591
0.62	4.981974043	3011916973
0.62	4.950050585	4966104897
0.62	4.911208602	3137371660
0.62	4.746715344	4029299290
0.63	2752.730131	3298611692
0.63	232.8484095	3815829393
0.63	70.36281588	4040401383
0.63	65.97577106	1758687944
0.63	45.09322584	4115531929
0.63	26.69151283	4445231142
0.63	26.12622022	1906654020
0.63	20.71187762	4592511993
0.63	17.61467492	4953771637
0.63	14.63321052	5216667724
0.63	13.42968035	5542781053
0.63	7.480643978	5353178435
0.63	7.23749065	2266338342
0.63	6.945992622	2393177708
0.63	6.354456923	4706506342
0.63	5.096795886	3027173258
0.63	5.077655837	3882244793
0.63	5.018573986	3152681054
0.63	5.017002751	4975353656
0.63	4.822523116	4041403738
0.64	2550.577099	3284668498
0.64	237.4845941	3791659119
0.64	70.68672271	1783634275
0.64	68.39613243	4014239488
0.64	44.00759724	4090435054
0.64	27.40330066	1932405364
0.64	26.1158601	4423510283
0.64	20.34999259	4570633420
0.64	17.33014281	4936558394
0.64	14.38849458	5198236664
0.64	13.0986611	5528641474
0.64	7.603519471	5358094812
0.64	7.484471216	2287290619
0.64	7.163305186	2413702616
0.64	6.466551153	4713616941
0.64	5.214249765	3042577750
0.64	5.167991229	3893432058
0.64	5.128337044	3168133095
0.64	5.085106046	4984741461
0.64	4.899083876	4053617675
0.65	2352.707143	3270482066
0.65	241.2446494	3767438225
0.65	75.75782978	1808538887
0.65	66.47869249	3988112842
0.65	42.98036577	4065363029
0.65	28.73510681	1958188855
0.65	25.5440426	4401830758
0.65	19.99088795	4548808521
0.65	17.03517182	4919309883
0.65	14.1479844	5179785051
0.65	12.74004404	5514517254
0.65	7.746337484	5363236173
0.65	7.738820651	2308353832
0.65	7.38634285	2434341302
0.65	6.582356654	4720922575
0.65	5.3344176	3058129966
0.65	5.260001524	3904743753
0.65	5.240612264	3183725457
0.65	5.154394481	4994277496
0.65	4.976422173	4065937725
0.66	2162.471444	3256050939
0.66	243.6660102	3743163502
0.66	81.22155078	1833399302
0.66	64.60916803	3962022876
0.66	42.01300534	4040327420
0.66	30.12407785	1984002751
0.66	24.97796609	4380190414
0.66	19.63434833	4527036270
0.66	16.73234603	4901988576
0.66	13.91190059	5161307195
0.66	12.34525541	5500316387
0.66	8.000747435	2329525762
0.66	7.916823704	5368699503
0.66	7.615230866	2455090653
0.66	6.701954991	4728456144
0.66	5.457379831	3073830044
0.66	5.355535954	3199456047
0.66	5.353734275	3916178298
0.66	5.224870229	5003972168
0.66	5.054566876	4078358362
0.67	1983.897821	3241373117
0.67	244.34868	3718830392
0.67	87.11381457	1858212967
0.67	62.78610533	3935970937
0.67	41.10225733	4015342679
0.67	31.57280305	2009845323
0.67	24.41931134	4358588332
0.67	19.28017388	4505315505
0.67	16.42508226	4884548513
0.67	13.68072488	5142796269
0.67	11.89990446	5485881700
0.67	8.270468377	2350804270
0.67	8.128700678	5374645514
0.67	7.850098815	2475947584
0.67	6.825238236	4736259039
0.67	5.58320741	3089678809
0.67	5.473272953	3215323164
0.67	5.449239888	3927734234
0.67	5.296484589	5013836541
0.67	5.133582287	4090872444
0.68	1821.562588	3226446176
0.68	242.9915875	3694433637
0.68	93.47444311	1882977261
0.68	61.00806081	3909958231
0.68	40.2401151	3990423281
0.68	33.08403516	2035714850
0.68	23.86946557	4337024559
0.68	18.92815058	4483644781
0.68	16.11835181	4866934016
0.68	13.45527733	5124245734
0.68	11.37515993	5470927606
0.68	8.548209303	2372187294
0.68	8.41075825	5381362158
0.68	8.091081279	2496909026
0.68	6.951705536	4744382422
0.68	5.711948064	3105677655
0.68	5.594025459	3231325761
0.68	5.5465711	3939410279
0.68	5.36911247	5023880907
0.68	5.213595186	4103473347
0.69	1680.391899	3211267738
0.69	239.4160611	3669967455
0.69	100.3476317	1907689490
0.69	59.27376595	3883985811
0.69	39.41527786	3965580710
0.69	34.66070541	2061609618
0.69	23.32951278	4315499828
0.69	18.5780276	4462022083
0.69	15.81988548	4849082971
0.69	13.23676583	5105652174
0.69	10.69126974	5454992592
0.69	8.846604031	5389312360
0.69	8.834205875	2393672842
0.69	8.338318681	2517971920
0.69	7.080080684	4752883964
0.69	5.843606383	3121828082
0.69	5.718044395	3247463868
0.69	5.645781612	3951205359
0.69	5.442524822	5034111977
0.69	5.29480308	4116157676
0.7	1565.371022	3195836530
0.7	233.5757326	3645425174
0.7	107.7824952	1932346887
0.7	57.58224898	3858054613
0.7	38.61546639	3940821597
0.7	36.30594048	2087527913
0.7	22.80026093	4294015298
0.7	18.22950544	4440444386
0.7	15.54183934	4830943658
0.7	13.02673829	5087019874
0.7	9.792230952	5391459971
0.7	9.59358909	5445113443
0.7	9.128704564	2415258992
0.7	8.591958356	2539133205
0.7	7.207695111	4761811058
0.7	5.978121893	3138130645
0.7	5.845643371	3263739270
0.7	5.746924098	3963118579
0.7	5.516372863	5044528331
0.7	5.377460829	4128927259
0.71	1481.133291	3180154029
0.71	225.5562568	3620798243
0.71	115.8336904	1956946610
0.71	55.9328455	3832165548
0.71	38.02308165	2113468016
0.71	37.82959285	3916147562
0.71	22.28228909	4272572351
0.71	17.8822421	4418906971
0.71	15.30188982	4812521347
0.71	12.82683927	5068366418
0.71	10.53124368	5373128295
0.71	9.431963867	2436943879
0.71	8.991440392	5455966866
0.71	8.852155921	2560389806
0.71	7.329844479	4771154234
0.71	6.115358224	3154583318
0.71	5.977214081	3280156595
0.71	5.850048197	3975149144
0.71	5.590210445	5055114859
0.71	5.461855081	4141789876
0.72	1431.404051	3164226145
0.72	215.5714924	3596074494
0.72	124.5621264	1981485742
0.72	54.32509522	3806319593
0.72	39.81570663	2139428195
0.72	37.04905101	3891556397
0.72	21.77600378	4251172439
0.72	17.53589316	4397402411
0.72	15.12011785	4793959993
0.72	12.63831173	5049726608
0.72	10.93886623	5356874928
0.72	9.744255835	2458725692
0.72	9.119077064	2581738611
0.72	8.726586791	5464994774
0.72	7.440180868	4780765452
0.72	6.255124529	3171179813
0.72	6.113238622	3296725034
0.72	5.955198795	3987296275
0.72	5.663583162	5065838880
0.72	5.54827822	4154759109
0.73	1418.306967	3148063689
0.73	203.9646032	3571235448
0.73	134.0357772	2005961283
0.73	52.75859133	3780517840
0.73	41.68765455	2165406701
0.73	36.26798642	3867043754
0.73	21.281699	4229817010
0.73	17.19021762	4375919145
0.73	15.00719113	4775588689
0.73	12.46136106	5031150313
0.73	11.22141242	5342393044
0.73	10.06586809	2480602662
0.73	9.392899887	2603176458
0.73	8.564911789	5472503091
0.73	7.533851132	4790311601
0.73	6.397242479	3187909131
0.73	6.254286005	3313460940
0.73	6.062414148	3999559128
0.73	5.736181775	5076652326
0.73	5.637005051	4167854169
0.74	1441.605908	3131680453
0.74	191.2226878	3546252604
0.74	144.3306126	2030370154
0.74	51.23285979	3754761503
0.74	43.64305492	2191401756
0.74	35.4828376	3842604642
0.74	20.79961752	4208507522
0.74	16.84530766	4354439651
0.74	14.95086077	4757795590
0.74	12.29473882	5012691807
0.74	11.42708773	5328970431
0.74	10.39710651	2502573051
0.74	9.673818054	2624700104
0.74	8.456862913	5479202796
0.74	7.611965893	4799400516
0.74	6.541637267	3204757486
0.74	6.400961367	3330391449
0.74	6.171722782	4011936711
0.74	5.807992623	5087502439
0.74	5.728262056	4181100327
0.75	1498.020496	3115089441
0.75	178.0114192	3521083437
0.75	155.5316677	2054709187
0.75	49.74730269	3729051884
0.75	45.68636119	2217411546
0.75	34.69154283	3818234398
0.75	20.33001014	4187245623
0.75	16.50203366	4332938768
0.75	14.91961678	4740797336
0.75	12.13591008	4994394607
0.75	11.5760219	5316245163
0.75	10.73829906	2524635136
0.75	9.962045031	2646306191
0.75	8.38296673	5485454319
0.75	7.681597809	4807811461
0.75	6.688395463	3221712097
0.75	6.55373911	3347558422
0.75	6.283138272	4024427693
0.75	5.879342656	5098346954
0.75	5.822164857	4194529693
0.76	1580.772864	3098299553
0.76	167.7342743	2078975121
0.76	165.2286225	3495670518
0.76	48.30119585	3703390333
0.76	47.82239033	2243434206
0.76	33.89269761	3793929101
0.76	19.8731794	4166033612
0.76	16.16279862	4311383957
0.76	14.88090625	4724570049
0.76	11.98177817	4976280616
0.76	11.67945442	5304012485
0.76	11.08980118	2546787187
0.76	10.25781995	2667991205
0.76	8.333196627	5491460702
0.76	7.751078095	4815564026
0.76	6.837747369	3238764524
0.76	6.712556912	3365019373
0.76	6.396652438	4037029956
0.76	5.95079972	5109164982
0.76	5.918588206	4208180529
0.77	1679.511632	3081314682
0.77	181.0454833	2103164597
0.77	154.0519446	3469953530
0.77	50.05636962	2269467806
0.77	46.89371281	3677778221
0.77	33.08479028	3769685470
0.77	19.42946774	4144875332
0.77	15.8325277	4289742005
0.77	14.81323005	4708952165
0.77	11.82952636	4958349141
0.77	11.74484515	5292146831
0.77	11.45200394	2569027441
0.77	10.56141581	2689751418
0.77	8.30155288	5497345633
0.77	7.826502333	4822815162
0.77	6.989992272	3255911603
0.77	6.876052307	3382835677
0.77	6.512231716	4049739727
0.77	6.022997262	5119958001
0.77	6.016945236	4222090464
0.78	1780.754237	3064135078
0.78	195.5857118	2127274146
0.78	145.8923767	3443911072
0.78	52.39399294	2295510334
0.78	45.52395188	3652216916
0.78	32.2655281	3745500221
0.78	18.9991039	4123777459
0.78	15.51918286	4267998978
0.78	14.70724984	4693753261
0.78	11.82534657	2591354066
0.78	11.77772341	5280567530
0.78	11.67714603	4940583769
0.78	10.87315118	2711582811
0.78	8.284079931	5503187781
0.78	7.911222214	4829750196
0.78	7.145421765	3273154119
0.78	7.04069821	3401031356
0.78	6.629830382	4062550301
0.78	6.115955548	4236276654
0.78	6.096487347	5130742991
0.79	1868.95356	3046759492
0.79	211.4906596	2151300180
0.79	142.0692376	3417631412
0.79	54.84148914	2321559672
0.79	44.19095306	3626707776
0.79	31.4312173	3721368672
0.79	18.58180973	4102750350
0.79	15.2320081	4246193137
0.79	14.56236165	4678807507
0.79	12.21033654	2613765113
0.79	11.78248248	5269221861
0.79	11.52354455	4922961367
0.79	11.19340733	2733480979
0.79	8.277986565	5509037793
0.79	8.00658865	4836529194
0.79	7.304277839	3290494724
0.79	7.201229562	3419523637
0.79	6.749443965	4075451209
0.79	6.213736983	4250703061
0.79	6.171672814	5141543430
0.8	1928.157814	3029186902
0.8	228.9135484	2175238975
0.8	143.1130752	3391335481
0.8	57.40570627	2347613570
0.8	42.89369933	3601252131
0.8	30.57619485	3697281907
0.8	18.1762694	4081806260
0.8	14.97621209	4224432453
0.8	14.38301645	4663989295
0.8	12.607583	2636258452
0.8	11.76276083	5258075866
0.8	11.52265371	2755440987
0.8	11.36837631	4905459061
0.8	8.281202465	5514927543
0.8	8.112748696	4843271084
0.8	7.466746815	3307936294
0.8	7.354111174	3438102716
0.8	6.871209122	4088430003
0.8	6.308655785	4265263136
0.8	6.248807955	5152382315
0.81	1944.00957	3011417469
0.81	248.0277509	2199086652
0.81	148.1694614	3365259161
0.81	60.0942171	2373669607
0.81	41.6311	3575851259
0.81	29.69250864	3673220987
0.81	17.78005253	4060953314
0.81	14.74776868	4202853394
0.81	14.17593332	4649212541
0.81	13.01785482	2658831694
0.81	11.86148712	2777457189
0.81	11.72164171	5247109020
0.81	11.21178329	4888058015
0.81	8.292131736	5520875533
0.81	8.229218008	4850054076
0.81	7.632973329	3325481096
0.81	7.501594341	3456555258
0.81	6.995476913	4101478291
0.81	6.400539297	4279821224
0.81	6.32803412	5163278356
0.82	1905.648308	2993452898
0.82	269.029902	2222839149
0.82	155.2297181	3339504874
0.82	62.91545353	2399725147
0.82	40.40195851	3550506308
0.82	28.77070679	3649145147
0.82	17.39060171	4040189257
0.82	14.53509094	4181543419
0.82	13.94825926	4634424178
0.82	13.44218614	2681482118
0.82	12.21069349	2799522957
0.82	11.66176719	5236311028
0.82	11.05416191	4870744677
0.82	8.355255438	4856921786
0.82	8.309506548	5526890209
0.82	7.803080432	3343130598
0.82	7.650845718	3474824730
0.82	7.122728297	4114597997
0.82	6.49086333	4294290211
0.82	6.409423009	5174244706
0.83	1807.094826	2975296423
0.83	292.1436085	2246492182
0.83	162.0091376	3314036638
0.83	65.87888109	2425777274
0.83	39.20494578	3525218112
0.83	27.80459474	3624968988
0.83	17.00661123	4019502762
0.83	14.32621101	4160509613
0.83	13.88207811	2704206654
0.83	13.70650865	4619596176
0.83	12.57134877	2821630312
0.83	11.58541116	5225679899
0.83	10.89599793	4853510570
0.83	8.49009847	4863890738
0.83	8.332293808	5532972043
0.83	7.977188481	3360885729
0.83	7.809477553	3493039407
0.83	7.253356332	4127800045
0.83	6.581665604	4308663012
0.83	6.49301408	5185289122
0.84	1647.980335	2956952374
0.84	317.6239206	2270041198
0.84	166.7060653	3288766435
0.84	68.99523061	2451822714
0.84	38.03867871	3499986756
0.84	26.80791316	3600528235
0.84	16.62834052	3998881654
0.84	14.33990545	2727002188
0.84	14.11369517	4139708493
0.84	13.45608057	4604717955
0.84	12.9449899	2843769393
0.84	11.49453312	5215220896
0.84	10.73776761	4836351493
0.84	8.63310079	4870957327
0.84	8.359632296	5539114814
0.84	8.155426711	3378747478
0.84	7.981813621	3511460698
0.84	7.387540198	4141096147
0.84	6.674509848	4322982838
0.84	6.578842478	5196414696
0.85	1433.992488	2938424531
0.85	345.7627981	2293481297
0.85	168.2880637	3263617564
0.85	72.27681258	2477857718
0.85	36.90222737	3474810860
0.85	25.8566212	3575583156
0.85	16.25680997	3978319055
0.85	14.81977787	2749867087
0.85	13.89486676	4119086342
0.85	13.33391787	2865927696
0.85	13.20115388	4589790095
0.85	11.39082453	5204946136
0.85	10.57988754	4819266638
0.85	8.783800311	4878103292
0.85	8.390787696	5545306323
0.85	8.337918282	3396717812
0.85	8.163940125	3530417082
0.85	7.52530807	4154492654
0.85	6.770219462	4337302915
0.85	6.666958885	5207620630
0.86	1178.031713	2919709862
0.86	376.8959078	2316807132
0.86	166.38442	3238544592
0.86	75.73795545	2503877903
0.86	35.79657534	3449687426
0.86	25.12961425	3550073095
0.86	15.89296959	3957813720
0.86	15.3294096	2772807402
0.86	13.74176216	2888089030
0.86	13.66996205	4098600468
0.86	12.94478976	4574819600
0.86	11.27575536	5194874786
0.86	10.42269502	4802257879
0.86	8.941938672	4885299377
0.86	8.524692474	3414799982
0.86	8.425118411	5551528674
0.86	8.336152849	3550030643
0.86	7.666663702	4167990218
0.86	6.869074952	4351665248
0.86	6.757444289	5218902792
0.87	903.6503871	2900774191
0.87	411.4112765	2340012755
0.87	160.9974503	3213531956
0.87	79.39563386	2529878033
0.87	34.72595347	3424615397
0.87	24.76188383	3524597761
0.87	15.88377777	2795861230
0.87	15.53737923	3937367633
0.87	14.17459715	2910232216
0.87	13.44043035	4078223883
0.87	12.68911836	4559816660
0.87	11.15062693	5185033798
0.87	10.26644453	4785329326
0.87	9.107446299	4892507177
0.87	8.715544629	3432995086
0.87	8.4759934	3569738474
0.87	8.462048132	5557758193
0.87	7.811666308	4181586192
0.87	6.971076998	4366095934
0.87	6.850422874	5230253933
0.88	652.61329	2881462743
0.88	449.7606332	2363091388
0.88	152.2052974	3188587222
0.88	83.27039816	2555851680
0.88	33.69406477	3399601984
0.88	24.60329851	3499882314
0.88	16.50637682	2819188298
0.88	15.19023897	3916983891
0.88	14.64330967	2932330090
0.88	13.20795109	4057942986
0.88	12.43553438	4544792599
0.88	11.01663848	5175459218
0.88	10.11131121	4768487164
0.88	9.400710464	5554497903
0.88	9.280398221	4899679400
0.88	8.910178329	3451295833
0.88	8.593528239	3588835362
0.88	7.960458768	4195276728
0.88	7.076128127	4380607438
0.88	6.946076041	5241663476
0.89	499.2539622	2861342137
0.89	492.4748508	2386035074
0.89	139.9357804	3163732241
0.89	87.38779874	2581790730
0.89	32.69786608	3374658256
0.89	24.42795518	3475929356
0.89	17.17308687	2843228251
0.89	15.16905909	2954351699
0.89	14.85151602	3896665612
0.89	12.97400569	4037754057
0.89	12.18486338	4529758710
0.89	10.87497697	5166198046
0.89	9.957395407	4751739845
0.89	9.460934685	4906758832
0.89	9.254465944	5541577424
0.89	9.108673575	3469691025
0.89	8.7134038	3607328486
0.89	8.113276996	4209057847
0.89	7.184131288	4395202018
0.89	7.044660572	5253116759
0.9	554.2577068	2840610945
0.9	540.1859843	2408834120
0.9	123.8459752	3138979935
0.9	91.7806554	2607684600
0.9	31.7311029	3349788410
0.9	24.15005707	3452428415
0.9	17.66345073	2867790589
0.9	15.7972127	2976281083
0.9	14.52105295	3876415553
0.9	12.73974686	4017660698
0.9	11.93748279	4514725691
0.9	10.72694263	5157310512
0.9	9.804724535	4735098686
0.9	9.649127372	4913676399
0.9	9.311428995	3488176337
0.9	9.10971044	5528749478
0.9	8.8466295	3625532477
0.9	8.270465193	4222925762
0.9	7.295038367	4409874125
0.9	7.146534367	5264593485
0.91	843.1742028	2820586556
0.91	593.6605905	2431476172
0.91	103.4244659	3114230433
0.91	96.49283698	2633518966
0.91	30.79015753	3324991094
0.91	23.77501601	3429160063
0.91	18.02433367	2891568664
0.91	16.63768978	2998218513
0.91	14.19863622	3856236056
0.91	12.50599293	3997672743
0.91	11.69339073	4499703481
0.91	10.57412381	5148872393
0.91	9.844757508	4920348917
0.91	9.653249321	4718579099
0.91	9.518766052	3506753054
0.91	8.994011287	3643668060
0.91	8.965961588	5516046257
0.91	8.432512134	4236876835
0.91	7.408877061	4424611237
0.91	7.252193903	5276064901
0.92	1238.968878	2800937640
0.92	653.8536502	2453944632
0.92	101.5858826	2659273610
0.92	78.7429395	3088680158
0.92	29.87393232	3300264752
0.92	23.33068714	3406029317
0.92	18.4607901	2914908741
0.92	18.00074249	3020970046
0.92	13.8840348	3836129115
0.92	12.27325695	3977806788
0.92	11.45221343	4484701419
0.92	10.41862837	5140976398
0.92	10.04696211	4926677606
0.92	9.730851877	3525422787
0.92	9.50283085	4702202856
0.92	9.153506537	3661830286
0.92	8.82260465	5503513029
0.92	8.600125636	4250907283
0.92	7.52577517	4439392854
0.92	7.362327841	5287488710
0.93	1568.48656	2781233024
0.93	722.0029129	2476215762
0.93	107.1513005	2684918527
0.93	56.87629046	3055652815
0.93	28.98215623	3275609259
0.93	22.84172826	3383017592
0.93	20.31323932	3051216040
0.93	18.97266321	2938263902
0.93	13.57702134	3816096456
0.93	12.04176672	3958088819
0.93	11.21312717	4469728787
0.93	10.2633539	5133730917
0.93	10.25371603	4932549197
0.93	9.947780251	3544185940
0.93	9.353213323	4686002313
0.93	9.323124635	3680037515
0.93	8.774379451	4265012603
0.93	8.678862861	5491217529
0.93	7.645996661	4454187037
0.93	7.477887285	5298799727
0.94	1739.609952	2761407478
0.94	799.8090594	2498253059
0.94	113.335036	2710406460
0.94	80.24342505	3022585338
0.94	28.11458315	3251025787
0.94	22.32478638	3360152659
0.94	19.53228154	2961733710
0.94	18.8716323	3081525450
0.94	13.27738602	3796139613
0.94	11.8114501	3938560398
0.94	10.9746294	4454796166
0.94	10.46118347	4937842050
0.94	10.16962139	3563042024
0.94	10.11222581	5127253720
0.94	9.501624359	3698262042
0.94	9.203974687	4670028611
0.94	8.957013983	4279186239
0.94	8.533803696	5479267764
0.94	7.770004438	4468942625
0.94	7.600150599	5309892116
0.95	1763.422483	2741517108
0.95	889.8148725	2519995375
0.95	120.3903073	2735657279
0.95	105.6911442	2998517174
0.95	27.27076793	3226516742
0.95	21.78929011	3337504503
0.95	20.12506651	2985320311
0.95	18.27982135	3102867811
0.95	12.98495126	3776259981
0.95	11.58186003	3919292344
0.95	10.7339835	4439919159
0.95	10.66312184	4942438997
0.95	10.39642945	3581990101
0.95	9.970261285	5121658947
0.95	9.688622191	3716434636
0.95	9.151103954	4293415901
0.95	9.054447778	4654368750
0.95	8.386514874	5467846407
0.95	7.898567655	4483572409
0.95	7.730663802	5320585034
0.96	1689.349859	2721685229
0.96	996.2937768	2541329102
0.96	128.8029503	2760521774
0.96	119.2983313	2975321650
0.96	26.44996445	3202086416
0.96	21.23853631	3315210045
0.96	20.74478093	3009009457
0.96	18.32328054	3123385227
0.96	12.69960066	3756458853
0.96	11.35200881	3900416903
0.96	10.85070511	4946245128
0.96	10.62821871	3601029048
0.96	10.48582938	4425131063
0.96	9.884701483	3734420383
0.96	9.843293203	5117039184
0.96	9.362722317	4307670961
0.96	8.903635797	4639184264
0.96	8.236901157	5457274530
0.96	8.032912503	4497914580
0.96	7.870578465	5330558916
0.97	1559.617243	2702161185
0.97	1127.57957	2562013715
0.97	139.6231002	2784685733
0.97	122.1732547	2952409833
0.97	25.65084552	3177743572
0.97	21.38942879	3032783445
0.97	20.66956651	3293556636
0.97	18.63982091	3143697522
0.97	12.4213625	3736737432
0.97	11.12017107	3882212434
0.97	11.01315837	4949203188
0.97	10.86488019	3620157700
0.97	10.21836415	4410539068
0.97	10.09166869	3751937311
0.97	9.737311309	5113449938
0.97	9.605717354	4321846319
0.97	8.750385921	4624807330
0.97	8.174702998	4511636689
0.97	8.088300113	5448101746
0.97	8.017884417	5339265362
0.98	1399.19258	2683554643
0.98	1302.57067	2581445601
0.98	155.394765	2807370861
0.98	117.6379834	2930539052
0.98	24.87028128	3153512057
0.98	22.06049963	3056612302
0.98	20.07311479	3273252109
0.98	19.11352482	3163121441
0.98	12.15074329	3717096796
0.98	11.13926682	4951297004
0.98	11.10584806	3639374964
0.98	10.88482839	3865359266
0.98	10.31198539	3768301829
0.98	9.916025913	4335410232
0.98	9.903489108	4396676480
0.98	9.65762946	5110906119
0.98	8.595613866	4611992640
0.98	8.324074977	4523983820
0.98	8.160224938	5345930885
0.98	7.953098516	5441102470
0.99	1559.75544	2597770487
0.99	1227.288284	2667723627
0.99	181.5412265	2826258527
0.99	108.3804959	2912104179
0.99	24.09498821	3129504025
0.99	22.77061897	3080380088
0.99	19.69570606	3179481827
0.99	19.46114965	3256398081
0.99	11.89106618	3697537821
0.99	11.34777351	3658679932
0.99	11.21930908	4952539277
0.99	10.65814222	3851764381
0.99	10.53562934	3781604515
0.99	10.32894147	4345292520
0.99	9.608233573	5109394173
0.99	9.531122015	4386614563
0.99	8.465782667	4533245406
0.99	8.455443492	4602450587
0.99	8.26847073	5349933181
0.99	7.855611073	5436899662
1	1784.401039	2605221962
1	1127.616176	2660436564
1	205.8496351	2834690678
1	101.8678958	2903817008
1	23.63494696	3100130632
1	23.21889727	3109673613
1	20.07146048	3186794813
1	19.10746539	3248926316
1	11.77643601	3679844500
1	11.45952149	3676288587
1	11.24675343	4952950308
1	10.65846365	3787256607
1	10.54847029	4347856922
1	10.53919041	3846015054
1	9.59150761	5108893305
1	9.35399414	4383990214
1	8.533451901	4536780516
1	8.390923892	4598822000
1	8.309227003	5351223590
1	7.820062911	5435542373
